00000007
00000006
00000005
00000004
00000003
00000002
00000001
00000000
00000006
00000006
00000005
00000004
00000003
00000002
00000001
00000000
00000005
00000005
00000005
00000004
00000003
00000002
00000001
00000000
00000004
00000004
00000004
00000004
00000003
00000002
00000001
00000000
00000003
00000003
00000003
00000003
00000003
00000002
00000001
00000000
00000002
00000002
00000002
00000002
00000002
00000002
00000001
00000000
00000001
00000001
00000001
00000001
00000001
00000001
00000001
00000000
00000000
00000000
00000000
00000000
00000000
00000000
00000000
00000000
