43536ec9
4336a7f3
433255c7
433f9b3a
433ea528
433ec6a9
432e7ed7
43373a15
43353e7a
432d2788
430d7f84
431d7634
432212c8
431677d1
430fe754
00000000
00000000
00000000
00000000
00000000
00000000
00000000
00000000
00000000
00000000
00000000
00000000
00000000
00000000
00000000
00000000
00000000
00000000
00000000
00000000
00000000
00000000
00000000
00000000
00000000
00000000
00000000
00000000
00000000
00000000
00000000
00000000
00000000
00000000
00000000
00000000
00000000
00000000
00000000
00000000
00000000
00000000
00000000
00000000
00000000
00000000
00000000
00000000
00000000
